,state,district,Complete,No Activity,No Biometric,Only Demographic,Only Enrolment,Unclear,total_pincodes
0,Andaman & Nicobar Islands,Andamans,25.0 %,41.67 %,0.0 %,0.0 %,0.0 %,33.33 %,12.0
1,Andaman & Nicobar Islands,Nicobars,0.0 %,0.0 %,0.0 %,0.0 %,0.0 %,100.0 %,1.0
2,Andaman & Nicobar Islands,South Andaman,0.0 %,33.33 %,0.0 %,0.0 %,0.0 %,66.67 %,6.0
3,Andaman and Nicobar Islands,Nicobar,25.0 %,0.0 %,0.0 %,0.0 %,0.0 %,75.0 %,4.0
4,Andaman and Nicobar Islands,North And Middle Andaman,25.0 %,12.5 %,0.0 %,0.0 %,0.0 %,62.5 %,8.0
5,Andaman and Nicobar Islands,South Andaman,58.33 %,8.33 %,0.0 %,0.0 %,0.0 %,33.33 %,12.0
6,Andhra Pradesh,Adilabad,81.25 %,0.0 %,0.0 %,0.0 %,0.0 %,18.75 %,48.0
7,Andhra Pradesh,Alluri Sitharama Raju,58.14 %,9.3 %,0.0 %,0.0 %,0.0 %,32.56 %,43.0
8,Andhra Pradesh,Anakapalli,22.5 %,0.0 %,0.0 %,0.0 %,0.0 %,77.5 %,40.0
9,Andhra Pradesh,Anantapur,82.61 %,0.0 %,0.0 %,0.0 %,0.0 %,17.39 %,92.0
10,Andhra Pradesh,Ananthapur,59.57 %,1.06 %,0.0 %,1.06 %,0.0 %,38.3 %,94.0
11,Andhra Pradesh,Ananthapuramu,57.89 %,1.05 %,0.0 %,0.0 %,0.0 %,41.05 %,95.0
12,Andhra Pradesh,Annamayya,44.68 %,2.13 %,0.0 %,2.13 %,0.0 %,51.06 %,47.0
13,Andhra Pradesh,Bapatla,41.38 %,1.72 %,0.0 %,0.0 %,0.0 %,56.9 %,58.0
14,Andhra Pradesh,Chittoor,88.12 %,0.99 %,0.0 %,0.0 %,0.0 %,10.89 %,101.0
15,Andhra Pradesh,Cuddapah,89.16 %,1.2 %,0.0 %,0.0 %,0.0 %,9.64 %,83.0
16,Andhra Pradesh,Dr. B. R. Ambedkar Konaseema,30.91 %,0.0 %,0.0 %,0.0 %,0.0 %,69.09 %,55.0
17,Andhra Pradesh,East Godavari,74.68 %,2.6 %,0.0 %,0.0 %,0.0 %,22.73 %,154.0
18,Andhra Pradesh,Eluru,40.91 %,1.52 %,0.0 %,1.52 %,0.0 %,56.06 %,66.0
19,Andhra Pradesh,Guntur,88.99 %,0.0 %,0.0 %,0.0 %,0.0 %,11.01 %,109.0
20,Andhra Pradesh,Hyderabad,76.71 %,4.11 %,0.0 %,2.74 %,0.0 %,16.44 %,73.0
21,Andhra Pradesh,K.V.Rangareddy,8.7 %,40.58 %,0.0 %,5.8 %,1.45 %,43.48 %,69.0
22,Andhra Pradesh,K.v. Rangareddy,1.59 %,33.33 %,1.59 %,3.17 %,1.59 %,58.73 %,63.0
23,Andhra Pradesh,Kakinada,60.53 %,0.0 %,0.0 %,0.0 %,0.0 %,39.47 %,38.0
24,Andhra Pradesh,Karim Nagar,4.0 %,33.33 %,0.0 %,5.33 %,0.0 %,57.33 %,75.0
25,Andhra Pradesh,Karimnagar,43.21 %,6.17 %,0.0 %,0.0 %,0.0 %,50.62 %,81.0
26,Andhra Pradesh,Khammam,80.0 %,1.67 %,0.0 %,0.0 %,0.0 %,18.33 %,60.0
27,Andhra Pradesh,Krishna,79.46 %,0.0 %,0.0 %,0.0 %,0.0 %,20.54 %,112.0
28,Andhra Pradesh,Kurnool,95.35 %,0.0 %,0.0 %,0.0 %,0.0 %,4.65 %,86.0
29,Andhra Pradesh,Mahabub Nagar,57.35 %,13.24 %,4.41 %,1.47 %,2.94 %,20.59 %,68.0
30,Andhra Pradesh,Mahabubnagar,0.0 %,56.6 %,0.0 %,9.43 %,0.0 %,33.96 %,53.0
31,Andhra Pradesh,Mahbubnagar,52.86 %,1.43 %,0.0 %,1.43 %,1.43 %,42.86 %,70.0
32,Andhra Pradesh,Medak,64.47 %,3.95 %,0.0 %,1.32 %,1.32 %,28.95 %,76.0
33,Andhra Pradesh,N. T. R,71.79 %,0.0 %,0.0 %,0.0 %,0.0 %,28.21 %,39.0
34,Andhra Pradesh,Nalgonda,91.23 %,0.0 %,0.0 %,0.0 %,0.0 %,8.77 %,57.0
35,Andhra Pradesh,Nandyal,41.18 %,0.0 %,0.0 %,0.0 %,0.0 %,58.82 %,51.0
36,Andhra Pradesh,Nellore,95.12 %,1.22 %,0.0 %,0.0 %,0.0 %,3.66 %,82.0
37,Andhra Pradesh,Nizamabad,44.23 %,0.0 %,3.85 %,0.0 %,0.0 %,51.92 %,52.0
38,Andhra Pradesh,Palnadu,52.27 %,0.0 %,0.0 %,0.0 %,0.0 %,47.73 %,44.0
39,Andhra Pradesh,Parvathipuram Manyam,59.26 %,0.0 %,0.0 %,0.0 %,0.0 %,40.74 %,27.0
40,Andhra Pradesh,Prakasam,95.0 %,0.0 %,0.0 %,0.0 %,0.0 %,5.0 %,100.0
41,Andhra Pradesh,Rangareddi,75.36 %,13.04 %,0.0 %,0.0 %,0.0 %,11.59 %,69.0
42,Andhra Pradesh,Spsr Nellore,0.0 %,0.0 %,0.0 %,0.0 %,100.0 %,0.0 %,14.0
43,Andhra Pradesh,Sri Potti Sriramulu Nellore,88.73 %,0.0 %,0.0 %,0.0 %,1.41 %,9.86 %,71.0
44,Andhra Pradesh,Sri Sathya Sai,43.14 %,0.0 %,0.0 %,0.0 %,0.0 %,56.86 %,51.0
45,Andhra Pradesh,Srikakulam,73.13 %,1.49 %,0.0 %,0.0 %,0.0 %,25.37 %,67.0
46,Andhra Pradesh,Tirupati,76.27 %,1.69 %,0.0 %,0.0 %,0.0 %,22.03 %,59.0
47,Andhra Pradesh,Visakhapatanam,0.0 %,0.0 %,0.0 %,0.0 %,100.0 %,0.0 %,1.0
48,Andhra Pradesh,Visakhapatnam,81.91 %,2.13 %,0.0 %,0.0 %,0.0 %,15.96 %,94.0
49,Andhra Pradesh,Vizianagaram,67.14 %,1.43 %,0.0 %,0.0 %,0.0 %,31.43 %,70.0
50,Andhra Pradesh,Warangal,69.86 %,0.0 %,0.0 %,0.0 %,0.0 %,30.14 %,73.0
51,Andhra Pradesh,West Godavari,81.36 %,0.85 %,0.0 %,0.0 %,0.0 %,17.8 %,118.0
52,Andhra Pradesh,Y. S. R,37.7 %,4.92 %,0.0 %,0.0 %,0.0 %,57.38 %,61.0
53,Arunachal Pradesh,Anjaw,100.0 %,0.0 %,0.0 %,0.0 %,0.0 %,0.0 %,1.0
54,Arunachal Pradesh,Changlang,75.0 %,0.0 %,0.0 %,0.0 %,0.0 %,25.0 %,8.0
55,Arunachal Pradesh,Dibang Valley,100.0 %,0.0 %,0.0 %,0.0 %,0.0 %,0.0 %,2.0
56,Arunachal Pradesh,East Kameng,100.0 %,0.0 %,0.0 %,0.0 %,0.0 %,0.0 %,2.0
57,Arunachal Pradesh,East Siang,66.67 %,0.0 %,0.0 %,0.0 %,0.0 %,33.33 %,3.0
58,Arunachal Pradesh,Kamle,100.0 %,0.0 %,0.0 %,0.0 %,0.0 %,0.0 %,1.0
59,Arunachal Pradesh,Kra Daadi,100.0 %,0.0 %,0.0 %,0.0 %,0.0 %,0.0 %,1.0
60,Arunachal Pradesh,Kurung Kumey,100.0 %,0.0 %,0.0 %,0.0 %,0.0 %,0.0 %,1.0
61,Arunachal Pradesh,Leparada,100.0 %,0.0 %,0.0 %,0.0 %,0.0 %,0.0 %,1.0
62,Arunachal Pradesh,Lohit,80.0 %,20.0 %,0.0 %,0.0 %,0.0 %,0.0 %,5.0
63,Arunachal Pradesh,Longding,60.0 %,0.0 %,0.0 %,0.0 %,0.0 %,40.0 %,5.0
64,Arunachal Pradesh,Lower Dibang Valley,100.0 %,0.0 %,0.0 %,0.0 %,0.0 %,0.0 %,1.0
65,Arunachal Pradesh,Lower Siang,100.0 %,0.0 %,0.0 %,0.0 %,0.0 %,0.0 %,3.0
66,Arunachal Pradesh,Lower Subansiri,66.67 %,33.33 %,0.0 %,0.0 %,0.0 %,0.0 %,3.0
67,Arunachal Pradesh,Namsai,100.0 %,0.0 %,0.0 %,0.0 %,0.0 %,0.0 %,3.0
68,Arunachal Pradesh,Pakke Kessang,100.0 %,0.0 %,0.0 %,0.0 %,0.0 %,0.0 %,1.0
69,Arunachal Pradesh,Papum Pare,87.5 %,0.0 %,0.0 %,0.0 %,0.0 %,12.5 %,8.0
70,Arunachal Pradesh,Shi-yomi,50.0 %,0.0 %,0.0 %,0.0 %,0.0 %,50.0 %,2.0
71,Arunachal Pradesh,Siang,100.0 %,0.0 %,0.0 %,0.0 %,0.0 %,0.0 %,2.0
72,Arunachal Pradesh,Tawang,100.0 %,0.0 %,0.0 %,0.0 %,0.0 %,0.0 %,3.0
73,Arunachal Pradesh,Tirap,66.67 %,0.0 %,0.0 %,0.0 %,0.0 %,33.33 %,6.0
74,Arunachal Pradesh,Upper Siang,50.0 %,0.0 %,0.0 %,0.0 %,0.0 %,50.0 %,4.0
75,Arunachal Pradesh,Upper Subansiri,100.0 %,0.0 %,0.0 %,0.0 %,0.0 %,0.0 %,1.0
76,Arunachal Pradesh,West Kameng,100.0 %,0.0 %,0.0 %,0.0 %,0.0 %,0.0 %,7.0
77,Arunachal Pradesh,West Siang,100.0 %,0.0 %,0.0 %,0.0 %,0.0 %,0.0 %,4.0
78,Assam,Bajali,25.0 %,25.0 %,16.67 %,8.33 %,8.33 %,16.67 %,12.0
79,Assam,Baksa,74.07 %,3.7 %,0.0 %,0.0 %,0.0 %,22.22 %,27.0
80,Assam,Barpeta,71.88 %,15.62 %,0.0 %,3.12 %,3.12 %,6.25 %,32.0
81,Assam,Biswanath,93.75 %,0.0 %,0.0 %,0.0 %,0.0 %,6.25 %,16.0
82,Assam,Bongaigaon,81.25 %,0.0 %,0.0 %,0.0 %,0.0 %,18.75 %,16.0
83,Assam,Cachar,75.0 %,7.35 %,0.0 %,0.0 %,1.47 %,16.18 %,68.0
84,Assam,Charaideo,100.0 %,0.0 %,0.0 %,0.0 %,0.0 %,0.0 %,11.0
85,Assam,Chirang,66.67 %,16.67 %,0.0 %,0.0 %,0.0 %,16.67 %,18.0
86,Assam,Darrang,60.87 %,26.09 %,0.0 %,0.0 %,4.35 %,8.7 %,23.0
87,Assam,Dhemaji,65.0 %,20.0 %,0.0 %,10.0 %,0.0 %,5.0 %,20.0
88,Assam,Dhubri,83.33 %,8.33 %,0.0 %,0.0 %,0.0 %,8.33 %,24.0
89,Assam,Dibrugarh,96.67 %,0.0 %,0.0 %,0.0 %,0.0 %,3.33 %,30.0
90,Assam,Dima Hasao,42.86 %,28.57 %,0.0 %,0.0 %,14.29 %,14.29 %,7.0
91,Assam,Goalpara,93.33 %,6.67 %,0.0 %,0.0 %,0.0 %,0.0 %,15.0
92,Assam,Golaghat,62.5 %,21.88 %,0.0 %,0.0 %,0.0 %,15.62 %,32.0
93,Assam,Hailakandi,60.87 %,4.35 %,0.0 %,4.35 %,13.04 %,17.39 %,23.0
94,Assam,Hojai,100.0 %,0.0 %,0.0 %,0.0 %,0.0 %,0.0 %,10.0
95,Assam,Jorhat,78.57 %,7.14 %,0.0 %,2.38 %,0.0 %,11.9 %,42.0
96,Assam,Kamrup,66.67 %,4.55 %,3.03 %,0.0 %,3.03 %,22.73 %,66.0
97,Assam,Kamrup Metro,97.56 %,0.0 %,0.0 %,0.0 %,0.0 %,2.44 %,41.0
98,Assam,Karbi Anglong,50.0 %,35.0 %,2.5 %,2.5 %,0.0 %,10.0 %,40.0
99,Assam,Karimganj,89.66 %,10.34 %,0.0 %,0.0 %,0.0 %,0.0 %,29.0
100,Assam,Kokrajhar,72.73 %,9.09 %,4.55 %,4.55 %,4.55 %,4.55 %,22.0
101,Assam,Lakhimpur,85.0 %,10.0 %,0.0 %,0.0 %,0.0 %,5.0 %,20.0
102,Assam,Majuli,100.0 %,0.0 %,0.0 %,0.0 %,0.0 %,0.0 %,6.0
103,Assam,Marigaon,82.35 %,5.88 %,0.0 %,0.0 %,0.0 %,11.76 %,17.0
104,Assam,Nagaon,89.74 %,5.13 %,0.0 %,0.0 %,0.0 %,5.13 %,39.0
105,Assam,Nalbari,71.79 %,10.26 %,0.0 %,5.13 %,2.56 %,10.26 %,39.0
106,Assam,North Cachar Hills,75.0 %,0.0 %,0.0 %,0.0 %,0.0 %,25.0 %,8.0
107,Assam,Sibsagar,80.0 %,8.57 %,0.0 %,0.0 %,0.0 %,11.43 %,35.0
108,Assam,Sivasagar,0.0 %,0.0 %,0.0 %,0.0 %,100.0 %,0.0 %,3.0
109,Assam,Sonitpur,80.39 %,15.69 %,0.0 %,0.0 %,0.0 %,3.92 %,51.0
110,Assam,South Salmara Mankachar,100.0 %,0.0 %,0.0 %,0.0 %,0.0 %,0.0 %,4.0
111,Assam,Sribhumi,37.04 %,18.52 %,22.22 %,7.41 %,7.41 %,7.41 %,27.0
112,Assam,Tamulpur District,83.33 %,0.0 %,0.0 %,0.0 %,0.0 %,16.67 %,6.0
113,Assam,Tinsukia,93.33 %,0.0 %,0.0 %,0.0 %,0.0 %,6.67 %,30.0
114,Assam,Udalguri,53.33 %,26.67 %,2.22 %,2.22 %,4.44 %,11.11 %,45.0
115,Assam,West Karbi Anglong,62.5 %,12.5 %,0.0 %,12.5 %,0.0 %,12.5 %,8.0
116,BALANAGAR,IDPL COLONY,0.0 %,100.0 %,0.0 %,0.0 %,0.0 %,0.0 %,1.0
117,Bihar,Araria,81.82 %,4.55 %,0.0 %,0.0 %,0.0 %,13.64 %,22.0
118,Bihar,Arwal,50.0 %,13.64 %,0.0 %,0.0 %,13.64 %,22.73 %,22.0
119,Bihar,Aurangabad,87.5 %,9.38 %,0.0 %,0.0 %,0.0 %,3.12 %,32.0
120,Bihar,Aurangabad(BH),0.0 %,73.33 %,0.0 %,6.67 %,13.33 %,6.67 %,15.0
121,Bihar,Aurangabad(bh),12.0 %,36.0 %,4.0 %,0.0 %,24.0 %,24.0 %,25.0
122,Bihar,Banka,71.79 %,5.13 %,0.0 %,0.0 %,2.56 %,20.51 %,39.0
123,Bihar,Begusarai,97.06 %,0.0 %,0.0 %,0.0 %,0.0 %,2.94 %,34.0
124,Bihar,Bhabua,8.33 %,25.0 %,16.67 %,0.0 %,25.0 %,25.0 %,12.0
125,Bihar,Bhagalpur,89.19 %,2.7 %,0.0 %,0.0 %,2.7 %,5.41 %,37.0
126,Bihar,Bhojpur,93.18 %,4.55 %,0.0 %,0.0 %,0.0 %,2.27 %,44.0
127,Bihar,Buxar,96.43 %,3.57 %,0.0 %,0.0 %,0.0 %,0.0 %,28.0
128,Bihar,Darbhanga,85.71 %,8.16 %,0.0 %,0.0 %,4.08 %,2.04 %,49.0
129,Bihar,East Champaran,100.0 %,0.0 %,0.0 %,0.0 %,0.0 %,0.0 %,39.0
130,Bihar,Gaya,79.07 %,6.98 %,2.33 %,2.33 %,2.33 %,6.98 %,43.0
131,Bihar,Gopalganj,95.83 %,4.17 %,0.0 %,0.0 %,0.0 %,0.0 %,24.0
132,Bihar,Jamui,86.67 %,6.67 %,0.0 %,0.0 %,0.0 %,6.67 %,15.0
133,Bihar,Jehanabad,84.0 %,16.0 %,0.0 %,0.0 %,0.0 %,0.0 %,25.0
134,Bihar,Kaimur (Bhabua),45.83 %,20.83 %,0.0 %,0.0 %,4.17 %,29.17 %,24.0
135,Bihar,Katihar,78.57 %,14.29 %,0.0 %,0.0 %,0.0 %,7.14 %,28.0
136,Bihar,Khagaria,93.75 %,6.25 %,0.0 %,0.0 %,0.0 %,0.0 %,16.0
137,Bihar,Kishanganj,72.73 %,18.18 %,0.0 %,0.0 %,9.09 %,0.0 %,11.0
138,Bihar,Lakhisarai,78.57 %,7.14 %,0.0 %,0.0 %,0.0 %,14.29 %,14.0
139,Bihar,Madhepura,72.0 %,0.0 %,0.0 %,0.0 %,0.0 %,28.0 %,25.0
140,Bihar,Madhubani,93.48 %,4.35 %,0.0 %,0.0 %,0.0 %,2.17 %,46.0
141,Bihar,Monghyr,10.0 %,30.0 %,10.0 %,0.0 %,20.0 %,30.0 %,10.0
142,Bihar,Munger,61.11 %,22.22 %,0.0 %,0.0 %,0.0 %,16.67 %,18.0
143,Bihar,Muzaffarpur,94.55 %,0.0 %,0.0 %,0.0 %,0.0 %,5.45 %,55.0
144,Bihar,Nalanda,91.18 %,5.88 %,0.0 %,0.0 %,0.0 %,2.94 %,34.0
145,Bihar,Nawada,92.31 %,3.85 %,0.0 %,0.0 %,0.0 %,3.85 %,26.0
146,Bihar,Pashchim Champaran,16.67 %,16.67 %,5.56 %,5.56 %,38.89 %,16.67 %,18.0
147,Bihar,Patna,82.28 %,3.8 %,0.0 %,1.27 %,0.0 %,12.66 %,79.0
148,Bihar,Purba Champaran,7.89 %,28.95 %,5.26 %,7.89 %,18.42 %,31.58 %,38.0
149,Bihar,Purbi Champaran,0.0 %,0.0 %,0.0 %,0.0 %,100.0 %,0.0 %,12.0
150,Bihar,Purnea,21.74 %,47.83 %,4.35 %,4.35 %,4.35 %,17.39 %,23.0
151,Bihar,Purnia,75.0 %,11.11 %,0.0 %,5.56 %,5.56 %,2.78 %,36.0
152,Bihar,Rohtas,86.11 %,8.33 %,0.0 %,0.0 %,0.0 %,5.56 %,36.0
153,Bihar,Saharsa,100.0 %,0.0 %,0.0 %,0.0 %,0.0 %,0.0 %,18.0
154,Bihar,Samastipur,90.91 %,2.27 %,0.0 %,0.0 %,0.0 %,6.82 %,44.0
155,Bihar,Samstipur,10.53 %,39.47 %,0.0 %,7.89 %,28.95 %,13.16 %,38.0
156,Bihar,Saran,98.08 %,0.0 %,0.0 %,1.92 %,0.0 %,0.0 %,52.0
157,Bihar,Sheikhpura,88.89 %,0.0 %,0.0 %,0.0 %,0.0 %,11.11 %,9.0
158,Bihar,Sheikpura,16.67 %,66.67 %,0.0 %,0.0 %,0.0 %,16.67 %,6.0
159,Bihar,Sheohar,75.0 %,0.0 %,0.0 %,0.0 %,0.0 %,25.0 %,8.0
160,Bihar,Sitamarhi,96.15 %,0.0 %,0.0 %,0.0 %,0.0 %,3.85 %,26.0
161,Bihar,Siwan,93.62 %,2.13 %,0.0 %,0.0 %,4.26 %,0.0 %,47.0
162,Bihar,Supaul,88.46 %,7.69 %,0.0 %,0.0 %,0.0 %,3.85 %,26.0
163,Bihar,Vaishali,97.37 %,0.0 %,0.0 %,0.0 %,0.0 %,2.63 %,38.0
164,Bihar,West Champaran,95.0 %,5.0 %,0.0 %,0.0 %,0.0 %,0.0 %,20.0
165,Chandigarh,Chandigarh,61.54 %,0.0 %,0.0 %,0.0 %,0.0 %,38.46 %,26.0
166,Chandigarh,Mohali,0.0 %,0.0 %,0.0 %,0.0 %,0.0 %,100.0 %,1.0
167,Chandigarh,Rupnagar,0.0 %,33.33 %,0.0 %,0.0 %,0.0 %,66.67 %,3.0
168,Chhatisgarh,Raipur,0.0 %,0.0 %,0.0 %,0.0 %,0.0 %,100.0 %,1.0
169,Chhattisgarh,Balod,29.03 %,32.26 %,0.0 %,3.23 %,0.0 %,35.48 %,31.0
170,Chhattisgarh,Baloda Bazar,39.13 %,34.78 %,0.0 %,6.52 %,2.17 %,17.39 %,46.0
171,Chhattisgarh,Balrampur,77.78 %,11.11 %,0.0 %,0.0 %,0.0 %,11.11 %,9.0
172,Chhattisgarh,Bastar,32.35 %,17.65 %,0.0 %,5.88 %,2.94 %,41.18 %,34.0
173,Chhattisgarh,Bemetara,61.54 %,23.08 %,0.0 %,0.0 %,0.0 %,15.38 %,13.0
174,Chhattisgarh,Bijapur,75.0 %,12.5 %,0.0 %,0.0 %,0.0 %,12.5 %,8.0
175,Chhattisgarh,Bilaspur,71.88 %,21.88 %,0.0 %,0.0 %,0.0 %,6.25 %,32.0
176,Chhattisgarh,Dakshin Bastar Dantewada,80.0 %,10.0 %,0.0 %,0.0 %,0.0 %,10.0 %,10.0
177,Chhattisgarh,Dantewada,75.0 %,12.5 %,0.0 %,0.0 %,0.0 %,12.5 %,8.0
178,Chhattisgarh,Dhamtari,66.67 %,0.0 %,0.0 %,0.0 %,0.0 %,33.33 %,15.0
179,Chhattisgarh,Durg,64.71 %,11.76 %,0.0 %,0.0 %,0.0 %,23.53 %,34.0
180,Chhattisgarh,Gariyaband,44.44 %,5.56 %,0.0 %,2.78 %,0.0 %,47.22 %,36.0
181,Chhattisgarh,Gaurela-pendra-marwahi,100.0 %,0.0 %,0.0 %,0.0 %,0.0 %,0.0 %,3.0
182,Chhattisgarh,Gaurella Pendra Marwahi,0.0 %,0.0 %,0.0 %,0.0 %,100.0 %,0.0 %,3.0
183,Chhattisgarh,Janjgir - Champa,6.67 %,53.33 %,0.0 %,33.33 %,0.0 %,6.67 %,15.0
184,Chhattisgarh,Janjgir Champa,5.26 %,42.11 %,0.0 %,5.26 %,0.0 %,47.37 %,19.0
185,Chhattisgarh,Janjgir-champa,79.17 %,0.0 %,0.0 %,0.0 %,0.0 %,20.83 %,24.0
186,Chhattisgarh,Jashpur,87.5 %,6.25 %,0.0 %,0.0 %,0.0 %,6.25 %,16.0
187,Chhattisgarh,Kabeerdham,80.0 %,0.0 %,0.0 %,0.0 %,0.0 %,20.0 %,5.0
188,Chhattisgarh,Kanker,100.0 %,0.0 %,0.0 %,0.0 %,0.0 %,0.0 %,14.0
189,Chhattisgarh,Kawardha,66.67 %,33.33 %,0.0 %,0.0 %,0.0 %,0.0 %,6.0
190,Chhattisgarh,Khairagarh Chhuikhadan Gandai,80.0 %,0.0 %,0.0 %,20.0 %,0.0 %,0.0 %,5.0
191,Chhattisgarh,Kondagaon,41.18 %,29.41 %,0.0 %,0.0 %,5.88 %,23.53 %,17.0
192,Chhattisgarh,Korba,100.0 %,0.0 %,0.0 %,0.0 %,0.0 %,0.0 %,18.0
193,Chhattisgarh,Koriya,72.22 %,0.0 %,0.0 %,0.0 %,0.0 %,27.78 %,18.0
194,Chhattisgarh,Mahasamund,87.5 %,0.0 %,0.0 %,0.0 %,0.0 %,12.5 %,8.0
195,Chhattisgarh,ManendragarhChirmiriBharatpur,0.0 %,0.0 %,0.0 %,0.0 %,0.0 %,100.0 %,1.0
196,Chhattisgarh,Manendragarh–Chirmiri–Bharatpur,33.33 %,0.0 %,16.67 %,16.67 %,8.33 %,25.0 %,12.0
197,Chhattisgarh,Mohalla-Manpur-Ambagarh Chowki,50.0 %,0.0 %,0.0 %,0.0 %,0.0 %,50.0 %,4.0
198,Chhattisgarh,Mohla-Manpur-Ambagarh Chouki,100.0 %,0.0 %,0.0 %,0.0 %,0.0 %,0.0 %,4.0
199,Chhattisgarh,Mungeli,50.0 %,0.0 %,0.0 %,0.0 %,0.0 %,50.0 %,12.0
200,Chhattisgarh,Narayanpur,25.0 %,25.0 %,0.0 %,0.0 %,0.0 %,50.0 %,4.0
201,Chhattisgarh,Raigarh,88.89 %,5.56 %,0.0 %,0.0 %,0.0 %,5.56 %,18.0
202,Chhattisgarh,Raipur,65.96 %,21.28 %,0.0 %,0.0 %,0.0 %,12.77 %,47.0
203,Chhattisgarh,Rajnandgaon,72.22 %,16.67 %,0.0 %,0.0 %,0.0 %,11.11 %,18.0
204,Chhattisgarh,Sakti,100.0 %,0.0 %,0.0 %,0.0 %,0.0 %,0.0 %,8.0
205,Chhattisgarh,Sarangarh-Bilaigarh,75.0 %,0.0 %,0.0 %,25.0 %,0.0 %,0.0 %,8.0
206,Chhattisgarh,Sukma,80.0 %,0.0 %,0.0 %,0.0 %,0.0 %,20.0 %,5.0
207,Chhattisgarh,Surajpur,76.92 %,7.69 %,0.0 %,0.0 %,0.0 %,15.38 %,13.0
208,Chhattisgarh,Surguja,80.0 %,13.33 %,0.0 %,0.0 %,0.0 %,6.67 %,15.0
209,Chhattisgarh,Uttar Bastar Kanker,63.16 %,5.26 %,0.0 %,5.26 %,0.0 %,26.32 %,19.0
210,Dadra & Nagar Haveli,Dadra & Nagar Haveli,25.0 %,50.0 %,0.0 %,0.0 %,0.0 %,25.0 %,4.0
211,Dadra and Nagar Haveli,Dadra and Nagar Haveli,100.0 %,0.0 %,0.0 %,0.0 %,0.0 %,0.0 %,4.0
212,Dadra and Nagar Haveli and Daman and Diu,Dadra and Nagar Haveli,100.0 %,0.0 %,0.0 %,0.0 %,0.0 %,0.0 %,4.0
213,Dadra and Nagar Haveli and Daman and Diu,Daman,33.33 %,33.33 %,0.0 %,0.0 %,0.0 %,33.33 %,3.0
214,Dadra and Nagar Haveli and Daman and Diu,Diu,66.67 %,0.0 %,0.0 %,0.0 %,0.0 %,33.33 %,3.0
215,Daman & Diu,Daman,50.0 %,0.0 %,0.0 %,0.0 %,0.0 %,50.0 %,2.0
216,Daman & Diu,Diu,0.0 %,0.0 %,0.0 %,0.0 %,0.0 %,100.0 %,3.0
217,Daman and Diu,Daman,100.0 %,0.0 %,0.0 %,0.0 %,0.0 %,0.0 %,3.0
218,Daman and Diu,Diu,66.67 %,0.0 %,0.0 %,0.0 %,0.0 %,33.33 %,3.0
219,Darbhanga,Near University Thana,0.0 %,100.0 %,0.0 %,0.0 %,0.0 %,0.0 %,1.0
220,Delhi,Central Delhi,76.92 %,0.0 %,0.0 %,0.0 %,15.38 %,7.69 %,13.0
221,Delhi,East Delhi,80.0 %,0.0 %,0.0 %,0.0 %,0.0 %,20.0 %,10.0
222,Delhi,Najafgarh,100.0 %,0.0 %,0.0 %,0.0 %,0.0 %,0.0 %,1.0
223,Delhi,New Delhi,22.22 %,0.0 %,0.0 %,0.0 %,55.56 %,22.22 %,9.0
224,Delhi,North Delhi,66.67 %,0.0 %,0.0 %,0.0 %,33.33 %,0.0 %,6.0
225,Delhi,North East,100.0 %,0.0 %,0.0 %,0.0 %,0.0 %,0.0 %,3.0
226,Delhi,North East   *,0.0 %,100.0 %,0.0 %,0.0 %,0.0 %,0.0 %,1.0
227,Delhi,North East Delhi,100.0 %,0.0 %,0.0 %,0.0 %,0.0 %,0.0 %,5.0
228,Delhi,North West Delhi,100.0 %,0.0 %,0.0 %,0.0 %,0.0 %,0.0 %,18.0
229,Delhi,Shahdara,80.0 %,0.0 %,0.0 %,0.0 %,0.0 %,20.0 %,5.0
230,Delhi,South Delhi,95.24 %,0.0 %,0.0 %,0.0 %,4.76 %,0.0 %,21.0
231,Delhi,South East Delhi,100.0 %,0.0 %,0.0 %,0.0 %,0.0 %,0.0 %,1.0
232,Delhi,South West Delhi,92.59 %,3.7 %,0.0 %,0.0 %,0.0 %,3.7 %,27.0
233,Delhi,West Delhi,100.0 %,0.0 %,0.0 %,0.0 %,0.0 %,0.0 %,11.0
234,Goa,Bardez,0.0 %,33.33 %,0.0 %,0.0 %,0.0 %,66.67 %,9.0
235,Goa,Bicholim,0.0 %,100.0 %,0.0 %,0.0 %,0.0 %,0.0 %,1.0
236,Goa,North Goa,70.91 %,1.82 %,0.0 %,0.0 %,0.0 %,27.27 %,55.0
237,Goa,South Goa,55.81 %,6.98 %,0.0 %,0.0 %,0.0 %,37.21 %,43.0
238,Goa,Tiswadi,0.0 %,100.0 %,0.0 %,0.0 %,0.0 %,0.0 %,3.0
239,Gujarat,Ahmadabad,48.68 %,23.68 %,1.32 %,3.95 %,11.84 %,10.53 %,76.0
240,Gujarat,Ahmedabad,87.78 %,0.0 %,0.0 %,0.0 %,1.11 %,11.11 %,90.0
241,Gujarat,Amreli,85.0 %,2.5 %,0.0 %,0.0 %,2.5 %,10.0 %,40.0
242,Gujarat,Anand,87.88 %,0.0 %,0.0 %,0.0 %,0.0 %,12.12 %,66.0
243,Gujarat,Arvalli,90.48 %,0.0 %,0.0 %,0.0 %,0.0 %,9.52 %,21.0
244,Gujarat,Banas Kantha,17.86 %,14.29 %,7.14 %,3.57 %,28.57 %,28.57 %,28.0
245,Gujarat,Banaskantha,96.43 %,0.0 %,0.0 %,0.0 %,0.0 %,3.57 %,28.0
246,Gujarat,Bharuch,71.74 %,4.35 %,0.0 %,0.0 %,0.0 %,23.91 %,46.0
247,Gujarat,Bhavnagar,93.33 %,0.0 %,0.0 %,0.0 %,0.0 %,6.67 %,45.0
248,Gujarat,Botad,72.22 %,0.0 %,0.0 %,5.56 %,5.56 %,16.67 %,18.0
249,Gujarat,Chhotaudepur,88.89 %,0.0 %,0.0 %,0.0 %,0.0 %,11.11 %,18.0
250,Gujarat,Dahod,88.24 %,0.0 %,0.0 %,0.0 %,0.0 %,11.76 %,17.0
251,Gujarat,Dang,0.0 %,0.0 %,0.0 %,0.0 %,100.0 %,0.0 %,2.0
252,Gujarat,Devbhumi Dwarka,71.43 %,0.0 %,0.0 %,4.76 %,0.0 %,23.81 %,21.0
253,Gujarat,Dohad,93.33 %,0.0 %,0.0 %,0.0 %,0.0 %,6.67 %,15.0
254,Gujarat,Gandhinagar,62.5 %,17.86 %,0.0 %,1.79 %,0.0 %,17.86 %,56.0
255,Gujarat,Gir Somnath,89.47 %,0.0 %,0.0 %,0.0 %,0.0 %,10.53 %,19.0
256,Gujarat,Jamnagar,79.25 %,0.0 %,0.0 %,0.0 %,0.0 %,20.75 %,53.0
257,Gujarat,Junagadh,87.5 %,0.0 %,0.0 %,0.0 %,0.0 %,12.5 %,56.0
258,Gujarat,Kachchh,91.07 %,0.0 %,0.0 %,0.0 %,0.0 %,8.93 %,56.0
259,Gujarat,Kheda,90.91 %,1.82 %,0.0 %,0.0 %,0.0 %,7.27 %,55.0
260,Gujarat,Mahesana,77.19 %,3.51 %,0.0 %,1.75 %,0.0 %,17.54 %,57.0
261,Gujarat,Mahisagar,88.89 %,5.56 %,0.0 %,0.0 %,0.0 %,5.56 %,18.0
262,Gujarat,Morbi,85.71 %,7.14 %,0.0 %,0.0 %,0.0 %,7.14 %,14.0
263,Gujarat,Narmada,52.38 %,23.81 %,0.0 %,0.0 %,0.0 %,23.81 %,21.0
264,Gujarat,Navsari,70.73 %,0.0 %,0.0 %,0.0 %,0.0 %,29.27 %,41.0
265,Gujarat,Panch Mahals,13.04 %,47.83 %,0.0 %,4.35 %,13.04 %,21.74 %,23.0
266,Gujarat,Panchmahals,93.1 %,0.0 %,0.0 %,0.0 %,0.0 %,6.9 %,29.0
267,Gujarat,Patan,100.0 %,0.0 %,0.0 %,0.0 %,0.0 %,0.0 %,23.0
268,Gujarat,Porbandar,87.5 %,0.0 %,0.0 %,0.0 %,0.0 %,12.5 %,16.0
269,Gujarat,Rajkot,81.36 %,3.39 %,1.69 %,0.0 %,1.69 %,11.86 %,59.0
270,Gujarat,Sabar Kantha,10.53 %,28.95 %,0.0 %,7.89 %,13.16 %,39.47 %,38.0
271,Gujarat,Sabarkantha,95.65 %,0.0 %,0.0 %,0.0 %,0.0 %,4.35 %,46.0
272,Gujarat,Surat,75.53 %,8.51 %,0.0 %,0.0 %,0.0 %,15.96 %,94.0
273,Gujarat,Surendra Nagar,86.84 %,2.63 %,0.0 %,5.26 %,0.0 %,5.26 %,38.0
274,Gujarat,Surendranagar,14.29 %,46.43 %,7.14 %,3.57 %,3.57 %,25.0 %,28.0
275,Gujarat,Tapi,76.0 %,0.0 %,0.0 %,0.0 %,0.0 %,24.0 %,25.0
276,Gujarat,The Dangs,100.0 %,0.0 %,0.0 %,0.0 %,0.0 %,0.0 %,5.0
277,Gujarat,Vadodara,92.68 %,2.44 %,0.0 %,0.0 %,0.0 %,4.88 %,82.0
278,Gujarat,Valsad,89.19 %,2.7 %,0.0 %,0.0 %,0.0 %,8.11 %,37.0
279,Haryana,Akhera,0.0 %,100.0 %,0.0 %,0.0 %,0.0 %,0.0 %,1.0
280,Haryana,Ambala,51.61 %,22.58 %,0.0 %,3.23 %,0.0 %,22.58 %,31.0
281,Haryana,Bhiwani,96.3 %,3.7 %,0.0 %,0.0 %,0.0 %,0.0 %,27.0
282,Haryana,Charkhi Dadri,57.14 %,7.14 %,0.0 %,0.0 %,0.0 %,35.71 %,14.0
283,Haryana,Faridabad,84.21 %,0.0 %,0.0 %,0.0 %,0.0 %,15.79 %,19.0
284,Haryana,Fatehabad,56.25 %,18.75 %,0.0 %,0.0 %,0.0 %,25.0 %,16.0
285,Haryana,Gurgaon,77.14 %,5.71 %,0.0 %,0.0 %,0.0 %,17.14 %,35.0
286,Haryana,Gurugram,0.0 %,0.0 %,0.0 %,0.0 %,100.0 %,0.0 %,4.0
287,Haryana,Hisar,66.67 %,8.33 %,0.0 %,0.0 %,0.0 %,25.0 %,24.0
288,Haryana,Jhajjar,77.27 %,0.0 %,0.0 %,4.55 %,0.0 %,18.18 %,22.0
289,Haryana,Jhajjar *,0.0 %,0.0 %,0.0 %,0.0 %,100.0 %,0.0 %,1.0
290,Haryana,Jind,100.0 %,0.0 %,0.0 %,0.0 %,0.0 %,0.0 %,11.0
291,Haryana,Kaithal,90.91 %,0.0 %,0.0 %,0.0 %,0.0 %,9.09 %,11.0
292,Haryana,Karnal,100.0 %,0.0 %,0.0 %,0.0 %,0.0 %,0.0 %,15.0
293,Haryana,Kurukshetra,69.23 %,0.0 %,0.0 %,0.0 %,0.0 %,30.77 %,13.0
294,Haryana,Mahendragarh,100.0 %,0.0 %,0.0 %,0.0 %,0.0 %,0.0 %,8.0
295,Haryana,Mewat,75.0 %,12.5 %,0.0 %,0.0 %,0.0 %,12.5 %,8.0
296,Haryana,Nuh,0.0 %,0.0 %,0.0 %,0.0 %,100.0 %,0.0 %,2.0
297,Haryana,Palwal,100.0 %,0.0 %,0.0 %,0.0 %,0.0 %,0.0 %,6.0
298,Haryana,Panchkula,62.5 %,12.5 %,0.0 %,0.0 %,0.0 %,25.0 %,24.0
299,Haryana,Panipat,92.31 %,0.0 %,0.0 %,0.0 %,0.0 %,7.69 %,13.0
300,Haryana,Rewari,80.0 %,15.0 %,0.0 %,5.0 %,0.0 %,0.0 %,20.0
301,Haryana,Rohtak,94.12 %,0.0 %,0.0 %,0.0 %,0.0 %,5.88 %,17.0
302,Haryana,Sirsa,73.68 %,15.79 %,0.0 %,0.0 %,0.0 %,10.53 %,19.0
303,Haryana,Sonipat,95.24 %,0.0 %,0.0 %,0.0 %,0.0 %,4.76 %,21.0
304,Haryana,Yamuna Nagar,75.0 %,0.0 %,0.0 %,0.0 %,0.0 %,25.0 %,16.0
305,Haryana,Yamunanagar,18.18 %,18.18 %,0.0 %,27.27 %,0.0 %,36.36 %,11.0
306,Himachal Pradesh,Bilaspur,40.74 %,0.0 %,0.0 %,0.0 %,0.0 %,59.26 %,27.0
307,Himachal Pradesh,Chamba,69.23 %,3.85 %,0.0 %,0.0 %,0.0 %,26.92 %,26.0
308,Himachal Pradesh,Hamirpur,28.57 %,0.0 %,0.0 %,0.0 %,0.0 %,71.43 %,49.0
309,Himachal Pradesh,Kangra,39.42 %,1.92 %,0.0 %,0.0 %,0.0 %,58.65 %,104.0
310,Himachal Pradesh,Kinnaur,53.33 %,0.0 %,0.0 %,0.0 %,0.0 %,46.67 %,15.0
311,Himachal Pradesh,Kullu,59.26 %,0.0 %,0.0 %,0.0 %,0.0 %,40.74 %,27.0
312,Himachal Pradesh,Lahaul and Spiti,0.0 %,0.0 %,0.0 %,22.22 %,0.0 %,77.78 %,9.0
313,Himachal Pradesh,Lahul & Spiti,10.0 %,10.0 %,0.0 %,0.0 %,10.0 %,70.0 %,10.0
314,Himachal Pradesh,Lahul and Spiti,10.0 %,0.0 %,0.0 %,0.0 %,0.0 %,90.0 %,10.0
315,Himachal Pradesh,Mandi,33.82 %,2.94 %,0.0 %,0.0 %,0.0 %,63.24 %,68.0
316,Himachal Pradesh,Shimla,71.19 %,0.0 %,0.0 %,0.0 %,0.0 %,28.81 %,59.0
317,Himachal Pradesh,Sirmaur,77.78 %,0.0 %,0.0 %,0.0 %,0.0 %,22.22 %,18.0
318,Himachal Pradesh,Solan,63.33 %,0.0 %,0.0 %,0.0 %,0.0 %,36.67 %,30.0
319,Himachal Pradesh,Una,32.43 %,0.0 %,0.0 %,0.0 %,0.0 %,67.57 %,37.0
320,Jaipur,Near meera hospital,0.0 %,100.0 %,0.0 %,0.0 %,0.0 %,0.0 %,1.0
321,Jammu & Kashmir,Anantnag,0.0 %,55.56 %,0.0 %,0.0 %,11.11 %,33.33 %,9.0
322,Jammu & Kashmir,Badgam,0.0 %,57.14 %,0.0 %,0.0 %,0.0 %,42.86 %,7.0
323,Jammu & Kashmir,Bandipur,0.0 %,100.0 %,0.0 %,0.0 %,0.0 %,0.0 %,2.0
324,Jammu & Kashmir,Baramula,9.09 %,45.45 %,0.0 %,9.09 %,0.0 %,36.36 %,11.0
325,Jammu & Kashmir,Doda,0.0 %,66.67 %,0.0 %,0.0 %,0.0 %,33.33 %,6.0
326,Jammu & Kashmir,Jammu,2.56 %,41.03 %,0.0 %,0.0 %,7.69 %,48.72 %,39.0
327,Jammu & Kashmir,Kargil,0.0 %,75.0 %,0.0 %,0.0 %,25.0 %,0.0 %,4.0
328,Jammu & Kashmir,Kathua,0.0 %,33.33 %,0.0 %,11.11 %,0.0 %,55.56 %,9.0
329,Jammu & Kashmir,Kupwara,0.0 %,80.0 %,0.0 %,0.0 %,20.0 %,0.0 %,5.0
330,Jammu & Kashmir,Leh (ladakh),0.0 %,0.0 %,0.0 %,20.0 %,0.0 %,80.0 %,5.0
331,Jammu & Kashmir,Pulwama,0.0 %,75.0 %,0.0 %,0.0 %,0.0 %,25.0 %,4.0
332,Jammu & Kashmir,Punch,0.0 %,75.0 %,0.0 %,0.0 %,0.0 %,25.0 %,4.0
333,Jammu & Kashmir,Rajauri,0.0 %,75.0 %,0.0 %,0.0 %,8.33 %,16.67 %,12.0
334,Jammu & Kashmir,Srinagar,0.0 %,80.0 %,0.0 %,0.0 %,10.0 %,10.0 %,10.0
335,Jammu & Kashmir,Udhampur,0.0 %,100.0 %,0.0 %,0.0 %,0.0 %,0.0 %,6.0
336,Jammu And Kashmir,Doda,0.0 %,0.0 %,0.0 %,0.0 %,100.0 %,0.0 %,1.0
337,Jammu And Kashmir,Shopian,0.0 %,0.0 %,0.0 %,0.0 %,100.0 %,0.0 %,1.0
338,Jammu and Kashmir,?,0.0 %,100.0 %,0.0 %,0.0 %,0.0 %,0.0 %,1.0
339,Jammu and Kashmir,Anantnag,87.5 %,0.0 %,0.0 %,0.0 %,0.0 %,12.5 %,16.0
340,Jammu and Kashmir,Badgam,46.67 %,20.0 %,0.0 %,0.0 %,0.0 %,33.33 %,15.0
341,Jammu and Kashmir,Bandipore,100.0 %,0.0 %,0.0 %,0.0 %,0.0 %,0.0 %,5.0
342,Jammu and Kashmir,Bandipur,0.0 %,100.0 %,0.0 %,0.0 %,0.0 %,0.0 %,1.0
343,Jammu and Kashmir,Baramula,75.0 %,10.0 %,0.0 %,0.0 %,0.0 %,15.0 %,20.0
344,Jammu and Kashmir,Budgam,70.0 %,0.0 %,0.0 %,0.0 %,0.0 %,30.0 %,10.0
345,Jammu and Kashmir,Doda,81.25 %,12.5 %,0.0 %,0.0 %,6.25 %,0.0 %,16.0
346,Jammu and Kashmir,Ganderbal,100.0 %,0.0 %,0.0 %,0.0 %,0.0 %,0.0 %,5.0
347,Jammu and Kashmir,Jammu,97.67 %,0.0 %,0.0 %,0.0 %,0.0 %,2.33 %,43.0
348,Jammu and Kashmir,Kargil,100.0 %,0.0 %,0.0 %,0.0 %,0.0 %,0.0 %,7.0
349,Jammu and Kashmir,Kathua,76.19 %,0.0 %,0.0 %,0.0 %,0.0 %,23.81 %,21.0
350,Jammu and Kashmir,Kishtwar,60.0 %,0.0 %,0.0 %,0.0 %,0.0 %,40.0 %,5.0
351,Jammu and Kashmir,Kulgam,80.0 %,0.0 %,0.0 %,0.0 %,0.0 %,20.0 %,5.0
352,Jammu and Kashmir,Kupwara,100.0 %,0.0 %,0.0 %,0.0 %,0.0 %,0.0 %,7.0
353,Jammu and Kashmir,Leh,40.0 %,0.0 %,0.0 %,0.0 %,0.0 %,60.0 %,10.0
354,Jammu and Kashmir,Poonch,0.0 %,50.0 %,0.0 %,0.0 %,0.0 %,50.0 %,2.0
355,Jammu and Kashmir,Pulwama,91.67 %,0.0 %,0.0 %,0.0 %,0.0 %,8.33 %,12.0
356,Jammu and Kashmir,Punch,57.14 %,0.0 %,0.0 %,0.0 %,0.0 %,42.86 %,7.0
357,Jammu and Kashmir,Rajouri,92.86 %,0.0 %,0.0 %,0.0 %,0.0 %,7.14 %,14.0
358,Jammu and Kashmir,Ramban,100.0 %,0.0 %,0.0 %,0.0 %,0.0 %,0.0 %,5.0
359,Jammu and Kashmir,Reasi,72.73 %,9.09 %,0.0 %,0.0 %,0.0 %,18.18 %,11.0
360,Jammu and Kashmir,Samba,53.85 %,0.0 %,0.0 %,0.0 %,7.69 %,38.46 %,13.0
361,Jammu and Kashmir,Shupiyan,50.0 %,50.0 %,0.0 %,0.0 %,0.0 %,0.0 %,2.0
362,Jammu and Kashmir,Srinagar,92.59 %,0.0 %,0.0 %,0.0 %,0.0 %,7.41 %,27.0
363,Jammu and Kashmir,Udhampur,72.73 %,9.09 %,0.0 %,0.0 %,0.0 %,18.18 %,22.0
364,Jammu and Kashmir,punch,0.0 %,100.0 %,0.0 %,0.0 %,0.0 %,0.0 %,1.0
365,Jammu and Kashmir,udhampur,0.0 %,100.0 %,0.0 %,0.0 %,0.0 %,0.0 %,1.0
366,Jharkhand,Bokaro,67.27 %,18.18 %,0.0 %,0.0 %,0.0 %,14.55 %,55.0
367,Jharkhand,Bokaro *,0.0 %,75.0 %,0.0 %,0.0 %,0.0 %,25.0 %,4.0
368,Jharkhand,Chatra,66.67 %,16.67 %,0.0 %,0.0 %,0.0 %,16.67 %,12.0
369,Jharkhand,Deoghar,35.56 %,24.44 %,0.0 %,2.22 %,4.44 %,33.33 %,45.0
370,Jharkhand,Dhanbad,86.21 %,8.62 %,0.0 %,0.0 %,0.0 %,5.17 %,58.0
371,Jharkhand,Dumka,60.0 %,28.57 %,0.0 %,0.0 %,5.71 %,5.71 %,35.0
372,Jharkhand,East Singhbhum,73.68 %,15.79 %,0.0 %,0.0 %,0.0 %,10.53 %,38.0
373,Jharkhand,East Singhbum,0.0 %,0.0 %,0.0 %,0.0 %,100.0 %,0.0 %,4.0
374,Jharkhand,Garhwa,68.75 %,18.75 %,0.0 %,0.0 %,0.0 %,12.5 %,16.0
375,Jharkhand,Garhwa *,27.27 %,63.64 %,0.0 %,0.0 %,0.0 %,9.09 %,11.0
376,Jharkhand,Giridih,86.36 %,9.09 %,0.0 %,0.0 %,0.0 %,4.55 %,22.0
377,Jharkhand,Godda,86.67 %,6.67 %,0.0 %,0.0 %,0.0 %,6.67 %,15.0
378,Jharkhand,Gumla,66.67 %,14.81 %,0.0 %,0.0 %,0.0 %,18.52 %,27.0
379,Jharkhand,Hazaribag,50.0 %,30.77 %,3.85 %,0.0 %,3.85 %,11.54 %,26.0
380,Jharkhand,Hazaribagh,74.29 %,20.0 %,0.0 %,0.0 %,5.71 %,0.0 %,35.0
381,Jharkhand,Jamtara,66.67 %,11.11 %,0.0 %,0.0 %,0.0 %,22.22 %,9.0
382,Jharkhand,Khunti,52.94 %,29.41 %,0.0 %,11.76 %,0.0 %,5.88 %,17.0
383,Jharkhand,Kodarma,44.44 %,33.33 %,0.0 %,0.0 %,0.0 %,22.22 %,9.0
384,Jharkhand,Koderma,88.89 %,0.0 %,0.0 %,0.0 %,0.0 %,11.11 %,9.0
385,Jharkhand,Latehar,83.33 %,8.33 %,0.0 %,0.0 %,0.0 %,8.33 %,12.0
386,Jharkhand,Lohardaga,64.29 %,21.43 %,0.0 %,0.0 %,0.0 %,14.29 %,14.0
387,Jharkhand,Pakaur,50.0 %,0.0 %,0.0 %,16.67 %,0.0 %,33.33 %,6.0
388,Jharkhand,Pakur,66.67 %,16.67 %,0.0 %,0.0 %,8.33 %,8.33 %,12.0
389,Jharkhand,Palamau,28.57 %,21.43 %,0.0 %,0.0 %,0.0 %,50.0 %,14.0
390,Jharkhand,Palamu,70.83 %,16.67 %,0.0 %,0.0 %,0.0 %,12.5 %,24.0
391,Jharkhand,Pashchimi Singhbhum,16.67 %,66.67 %,0.0 %,3.33 %,3.33 %,10.0 %,30.0
392,Jharkhand,Purbi Singhbhum,46.43 %,17.86 %,0.0 %,3.57 %,0.0 %,32.14 %,28.0
393,Jharkhand,Ramgarh,85.71 %,7.14 %,0.0 %,0.0 %,0.0 %,7.14 %,28.0
394,Jharkhand,Ranchi,75.56 %,15.56 %,2.22 %,0.0 %,0.0 %,6.67 %,45.0
395,Jharkhand,Sahebganj,92.31 %,0.0 %,0.0 %,7.69 %,0.0 %,0.0 %,13.0
396,Jharkhand,Sahibganj,30.0 %,30.0 %,0.0 %,0.0 %,10.0 %,30.0 %,10.0
397,Jharkhand,Seraikela-Kharsawan,73.68 %,15.79 %,0.0 %,0.0 %,0.0 %,10.53 %,19.0
398,Jharkhand,Seraikela-kharsawan,76.47 %,11.76 %,0.0 %,0.0 %,5.88 %,5.88 %,17.0
399,Jharkhand,Simdega,70.0 %,20.0 %,0.0 %,0.0 %,0.0 %,10.0 %,10.0
400,Jharkhand,West Singhbhum,59.38 %,18.75 %,0.0 %,0.0 %,0.0 %,21.88 %,32.0
401,Karnataka,Bagalkot,97.37 %,0.0 %,0.0 %,0.0 %,0.0 %,2.63 %,38.0
402,Karnataka,Bagalkot *,23.33 %,40.0 %,6.67 %,6.67 %,6.67 %,16.67 %,30.0
403,Karnataka,Ballari,80.85 %,0.0 %,0.0 %,0.0 %,0.0 %,19.15 %,47.0
404,Karnataka,Bangalore,83.76 %,2.56 %,0.0 %,1.71 %,0.0 %,11.97 %,117.0
405,Karnataka,Bangalore Rural,46.88 %,21.88 %,0.0 %,0.0 %,0.0 %,31.25 %,32.0
406,Karnataka,Belagavi,89.19 %,1.8 %,0.0 %,0.0 %,0.0 %,9.01 %,111.0
407,Karnataka,Belgaum,88.99 %,1.83 %,0.0 %,0.92 %,0.0 %,8.26 %,109.0
408,Karnataka,Bellary,83.67 %,4.08 %,0.0 %,0.0 %,0.0 %,12.24 %,49.0
409,Karnataka,Bengaluru,90.62 %,2.34 %,0.0 %,1.56 %,0.0 %,5.47 %,128.0
410,Karnataka,Bengaluru Rural,16.67 %,0.0 %,0.0 %,0.0 %,83.33 %,0.0 %,6.0
411,Karnataka,Bengaluru South,33.33 %,5.56 %,22.22 %,16.67 %,0.0 %,22.22 %,18.0
412,Karnataka,Bengaluru Urban,0.0 %,0.0 %,0.0 %,0.0 %,100.0 %,0.0 %,47.0
413,Karnataka,Bidar,100.0 %,0.0 %,0.0 %,0.0 %,0.0 %,0.0 %,25.0
414,Karnataka,Bijapur,97.78 %,0.0 %,0.0 %,0.0 %,0.0 %,2.22 %,45.0
415,Karnataka,Bijapur(KAR),0.0 %,75.0 %,0.0 %,0.0 %,0.0 %,25.0 %,12.0
416,Karnataka,Chamarajanagar,38.1 %,23.81 %,0.0 %,0.0 %,0.0 %,38.1 %,21.0
417,Karnataka,Chamarajanagar *,0.0 %,56.25 %,0.0 %,0.0 %,0.0 %,43.75 %,16.0
418,Karnataka,Chamrajanagar,79.17 %,4.17 %,0.0 %,0.0 %,0.0 %,16.67 %,24.0
419,Karnataka,Chamrajnagar,50.0 %,4.55 %,0.0 %,0.0 %,0.0 %,45.45 %,22.0
420,Karnataka,Chickmagalur,68.09 %,2.13 %,0.0 %,0.0 %,0.0 %,29.79 %,47.0
421,Karnataka,Chikkaballapur,68.97 %,20.69 %,0.0 %,0.0 %,3.45 %,6.9 %,29.0
422,Karnataka,Chikkamagaluru,63.83 %,2.13 %,0.0 %,0.0 %,0.0 %,34.04 %,47.0
423,Karnataka,Chikmagalur,13.51 %,54.05 %,0.0 %,2.7 %,0.0 %,29.73 %,37.0
424,Karnataka,Chitradurga,85.0 %,5.0 %,0.0 %,0.0 %,0.0 %,10.0 %,40.0
425,Karnataka,Dakshina Kannada,85.29 %,0.0 %,0.0 %,0.0 %,0.0 %,14.71 %,102.0
426,Karnataka,Davanagere,46.15 %,12.82 %,0.0 %,0.0 %,2.56 %,38.46 %,39.0
427,Karnataka,Davangere,86.96 %,2.17 %,0.0 %,2.17 %,0.0 %,8.7 %,46.0
428,Karnataka,Dharwad,87.5 %,2.5 %,0.0 %,0.0 %,0.0 %,10.0 %,40.0
429,Karnataka,Gadag,91.67 %,0.0 %,0.0 %,0.0 %,0.0 %,8.33 %,24.0
430,Karnataka,Gadag *,26.32 %,42.11 %,0.0 %,0.0 %,0.0 %,31.58 %,19.0
431,Karnataka,Gulbarga,73.21 %,10.71 %,0.0 %,1.79 %,1.79 %,12.5 %,56.0
432,Karnataka,Hasan,61.22 %,0.0 %,0.0 %,0.0 %,0.0 %,38.78 %,49.0
433,Karnataka,Hassan,79.59 %,0.0 %,0.0 %,0.0 %,0.0 %,20.41 %,49.0
434,Karnataka,Haveri,100.0 %,0.0 %,0.0 %,0.0 %,0.0 %,0.0 %,29.0
435,Karnataka,Haveri *,15.0 %,40.0 %,0.0 %,0.0 %,5.0 %,40.0 %,20.0
436,Karnataka,Kalaburagi,88.37 %,0.0 %,0.0 %,2.33 %,0.0 %,9.3 %,43.0
437,Karnataka,Kodagu,92.31 %,0.0 %,0.0 %,0.0 %,0.0 %,7.69 %,26.0
438,Karnataka,Kolar,69.23 %,20.51 %,0.0 %,2.56 %,2.56 %,5.13 %,39.0
439,Karnataka,Koppal,85.71 %,3.57 %,3.57 %,0.0 %,0.0 %,7.14 %,28.0
440,Karnataka,Mandya,83.72 %,0.0 %,0.0 %,0.0 %,0.0 %,16.28 %,43.0
441,Karnataka,Mysore,73.85 %,0.0 %,0.0 %,0.0 %,0.0 %,26.15 %,65.0
442,Karnataka,Mysuru,69.74 %,3.95 %,0.0 %,0.0 %,0.0 %,26.32 %,76.0
443,Karnataka,Raichur,100.0 %,0.0 %,0.0 %,0.0 %,0.0 %,0.0 %,30.0
444,Karnataka,Ramanagar,72.73 %,9.09 %,0.0 %,4.55 %,0.0 %,13.64 %,22.0
445,Karnataka,Ramanagara,0.0 %,0.0 %,0.0 %,0.0 %,100.0 %,0.0 %,1.0
446,Karnataka,Shimoga,67.86 %,1.79 %,0.0 %,1.79 %,0.0 %,28.57 %,56.0
447,Karnataka,Shivamogga,77.19 %,0.0 %,0.0 %,1.75 %,0.0 %,21.05 %,57.0
448,Karnataka,Tumakuru,80.33 %,0.0 %,0.0 %,0.0 %,0.0 %,19.67 %,61.0
449,Karnataka,Tumkur,83.33 %,0.0 %,0.0 %,0.0 %,0.0 %,16.67 %,60.0
450,Karnataka,Udupi,83.1 %,0.0 %,0.0 %,0.0 %,0.0 %,16.9 %,71.0
451,Karnataka,Udupi *,0.0 %,66.67 %,0.0 %,0.0 %,0.0 %,33.33 %,6.0
452,Karnataka,Uttara Kannada,71.05 %,0.0 %,0.0 %,0.0 %,0.0 %,28.95 %,76.0
453,Karnataka,Vijayanagara,54.55 %,13.64 %,0.0 %,2.27 %,0.0 %,29.55 %,44.0
454,Karnataka,Vijayapura,95.56 %,0.0 %,0.0 %,0.0 %,0.0 %,4.44 %,45.0
455,Karnataka,Yadgir,95.65 %,0.0 %,0.0 %,0.0 %,0.0 %,4.35 %,23.0
456,Karnataka,yadgir,70.0 %,5.0 %,0.0 %,5.0 %,0.0 %,20.0 %,20.0
457,Kerala,Alappuzha,94.87 %,0.85 %,0.0 %,0.0 %,0.0 %,4.27 %,117.0
458,Kerala,Ernakulam,92.09 %,1.44 %,0.0 %,0.72 %,0.0 %,5.76 %,139.0
459,Kerala,Idukki,87.72 %,0.0 %,0.0 %,0.0 %,0.0 %,12.28 %,57.0
460,Kerala,Kannur,96.04 %,0.0 %,0.0 %,0.0 %,0.0 %,3.96 %,101.0
461,Kerala,Kasaragod,100.0 %,0.0 %,0.0 %,0.0 %,0.0 %,0.0 %,31.0
462,Kerala,Kasargod,35.71 %,10.71 %,3.57 %,0.0 %,7.14 %,42.86 %,28.0
463,Kerala,Kollam,93.91 %,0.87 %,0.0 %,0.0 %,0.0 %,5.22 %,115.0
464,Kerala,Kottayam,90.4 %,1.6 %,0.0 %,0.0 %,0.8 %,7.2 %,125.0
465,Kerala,Kozhikode,97.83 %,0.0 %,0.0 %,0.0 %,0.0 %,2.17 %,92.0
466,Kerala,Malappuram,99.0 %,0.0 %,0.0 %,0.0 %,0.0 %,1.0 %,100.0
467,Kerala,Palakkad,94.2 %,0.0 %,0.0 %,0.0 %,0.0 %,5.8 %,138.0
468,Kerala,Pathanamthitta,90.18 %,0.0 %,0.0 %,0.0 %,0.0 %,9.82 %,112.0
469,Kerala,Thiruvananthapuram,92.37 %,0.0 %,0.0 %,0.0 %,0.0 %,7.63 %,131.0
470,Kerala,Thrissur,95.86 %,0.59 %,0.0 %,0.59 %,0.0 %,2.96 %,169.0
471,Kerala,Wayanad,95.0 %,0.0 %,0.0 %,0.0 %,0.0 %,5.0 %,20.0
472,Ladakh,Kargil,100.0 %,0.0 %,0.0 %,0.0 %,0.0 %,0.0 %,7.0
473,Ladakh,Leh,37.5 %,12.5 %,0.0 %,0.0 %,0.0 %,50.0 %,8.0
474,Lakshadweep,Lakshadweep,44.44 %,0.0 %,0.0 %,0.0 %,0.0 %,55.56 %,9.0
475,Madanapalle,Kadiri Road,0.0 %,100.0 %,0.0 %,0.0 %,0.0 %,0.0 %,1.0
476,Madhya Pradesh,Agar Malwa,100.0 %,0.0 %,0.0 %,0.0 %,0.0 %,0.0 %,6.0
477,Madhya Pradesh,Alirajpur,66.67 %,0.0 %,0.0 %,0.0 %,0.0 %,33.33 %,12.0
478,Madhya Pradesh,Anuppur,50.0 %,21.43 %,0.0 %,7.14 %,3.57 %,17.86 %,28.0
479,Madhya Pradesh,Ashok Nagar,66.67 %,8.33 %,0.0 %,0.0 %,0.0 %,25.0 %,12.0
480,Madhya Pradesh,Ashoknagar,0.0 %,0.0 %,0.0 %,0.0 %,100.0 %,0.0 %,3.0
481,Madhya Pradesh,Balaghat,71.43 %,10.71 %,0.0 %,3.57 %,0.0 %,14.29 %,28.0
482,Madhya Pradesh,Barwani,83.33 %,0.0 %,0.0 %,0.0 %,0.0 %,16.67 %,12.0
483,Madhya Pradesh,Betul,91.3 %,0.0 %,0.0 %,0.0 %,0.0 %,8.7 %,23.0
484,Madhya Pradesh,Bhind,90.91 %,4.55 %,0.0 %,0.0 %,0.0 %,4.55 %,22.0
485,Madhya Pradesh,Bhopal,73.81 %,2.38 %,0.0 %,0.0 %,0.0 %,23.81 %,42.0
486,Madhya Pradesh,Burhanpur,55.56 %,11.11 %,0.0 %,0.0 %,0.0 %,33.33 %,9.0
487,Madhya Pradesh,Chhatarpur,76.92 %,15.38 %,0.0 %,0.0 %,0.0 %,7.69 %,26.0
488,Madhya Pradesh,Chhindwara,96.3 %,0.0 %,0.0 %,3.7 %,0.0 %,0.0 %,27.0
489,Madhya Pradesh,Damoh,66.67 %,16.67 %,0.0 %,0.0 %,0.0 %,16.67 %,18.0
490,Madhya Pradesh,Datia,90.0 %,0.0 %,0.0 %,0.0 %,0.0 %,10.0 %,10.0
491,Madhya Pradesh,Dewas,80.0 %,0.0 %,0.0 %,0.0 %,5.0 %,15.0 %,20.0
492,Madhya Pradesh,Dhar,73.08 %,3.85 %,0.0 %,0.0 %,0.0 %,23.08 %,26.0
493,Madhya Pradesh,Dindori,44.44 %,22.22 %,0.0 %,0.0 %,0.0 %,33.33 %,18.0
494,Madhya Pradesh,East Nimar,90.48 %,4.76 %,0.0 %,0.0 %,0.0 %,4.76 %,21.0
495,Madhya Pradesh,Guna,72.73 %,13.64 %,0.0 %,0.0 %,0.0 %,13.64 %,22.0
496,Madhya Pradesh,Gwalior,95.24 %,0.0 %,0.0 %,0.0 %,0.0 %,4.76 %,21.0
497,Madhya Pradesh,Harda,75.0 %,25.0 %,0.0 %,0.0 %,0.0 %,0.0 %,4.0
498,Madhya Pradesh,Harda *,71.43 %,14.29 %,0.0 %,0.0 %,0.0 %,14.29 %,7.0
499,Madhya Pradesh,Hoshangabad,59.09 %,4.55 %,0.0 %,0.0 %,0.0 %,36.36 %,22.0
500,Madhya Pradesh,Indore,90.91 %,3.03 %,0.0 %,0.0 %,0.0 %,6.06 %,33.0
501,Madhya Pradesh,Jabalpur,80.65 %,6.45 %,0.0 %,0.0 %,0.0 %,12.9 %,31.0
502,Madhya Pradesh,Jhabua,52.63 %,21.05 %,0.0 %,0.0 %,0.0 %,26.32 %,19.0
503,Madhya Pradesh,Katni,82.35 %,11.76 %,0.0 %,0.0 %,0.0 %,5.88 %,17.0
504,Madhya Pradesh,Khandwa,80.0 %,10.0 %,0.0 %,0.0 %,0.0 %,10.0 %,20.0
505,Madhya Pradesh,Khargone,73.08 %,7.69 %,0.0 %,0.0 %,0.0 %,19.23 %,26.0
506,Madhya Pradesh,Maihar,75.0 %,0.0 %,0.0 %,12.5 %,0.0 %,12.5 %,8.0
507,Madhya Pradesh,Mandla,65.22 %,13.04 %,0.0 %,0.0 %,0.0 %,21.74 %,23.0
508,Madhya Pradesh,Mandsaur,86.36 %,4.55 %,0.0 %,4.55 %,0.0 %,4.55 %,22.0
509,Madhya Pradesh,Mauganj,66.67 %,0.0 %,11.11 %,11.11 %,0.0 %,11.11 %,9.0
510,Madhya Pradesh,Morena,80.0 %,0.0 %,0.0 %,0.0 %,0.0 %,20.0 %,15.0
511,Madhya Pradesh,Narmadapuram,66.67 %,5.56 %,0.0 %,5.56 %,0.0 %,22.22 %,18.0
512,Madhya Pradesh,Narsimhapur,93.75 %,0.0 %,0.0 %,0.0 %,0.0 %,6.25 %,16.0
513,Madhya Pradesh,Narsinghpur,94.12 %,5.88 %,0.0 %,0.0 %,0.0 %,0.0 %,17.0
514,Madhya Pradesh,Neemuch,100.0 %,0.0 %,0.0 %,0.0 %,0.0 %,0.0 %,15.0
515,Madhya Pradesh,Niwari,55.56 %,11.11 %,0.0 %,0.0 %,0.0 %,33.33 %,9.0
516,Madhya Pradesh,Pandhurna,22.22 %,11.11 %,0.0 %,0.0 %,0.0 %,66.67 %,9.0
517,Madhya Pradesh,Panna,68.75 %,18.75 %,6.25 %,0.0 %,0.0 %,6.25 %,16.0
518,Madhya Pradesh,Raisen,73.91 %,8.7 %,0.0 %,0.0 %,0.0 %,17.39 %,23.0
519,Madhya Pradesh,Rajgarh,82.35 %,0.0 %,0.0 %,0.0 %,5.88 %,11.76 %,17.0
520,Madhya Pradesh,Ratlam,68.42 %,15.79 %,0.0 %,0.0 %,0.0 %,15.79 %,19.0
521,Madhya Pradesh,Rewa,85.29 %,2.94 %,0.0 %,0.0 %,0.0 %,11.76 %,34.0
522,Madhya Pradesh,Sagar,83.33 %,10.0 %,0.0 %,0.0 %,0.0 %,6.67 %,30.0
523,Madhya Pradesh,Satna,96.15 %,0.0 %,0.0 %,0.0 %,0.0 %,3.85 %,26.0
524,Madhya Pradesh,Sehore,90.0 %,5.0 %,0.0 %,5.0 %,0.0 %,0.0 %,20.0
525,Madhya Pradesh,Seoni,88.89 %,5.56 %,0.0 %,0.0 %,0.0 %,5.56 %,18.0
526,Madhya Pradesh,Shahdol,51.72 %,17.24 %,0.0 %,3.45 %,0.0 %,27.59 %,29.0
527,Madhya Pradesh,Shajapur,71.43 %,3.57 %,0.0 %,7.14 %,0.0 %,17.86 %,28.0
528,Madhya Pradesh,Sheopur,83.33 %,16.67 %,0.0 %,0.0 %,0.0 %,0.0 %,6.0
529,Madhya Pradesh,Shivpuri,76.0 %,8.0 %,0.0 %,8.0 %,0.0 %,8.0 %,25.0
530,Madhya Pradesh,Sidhi,50.0 %,11.11 %,0.0 %,0.0 %,0.0 %,38.89 %,18.0
531,Madhya Pradesh,Singrauli,68.75 %,18.75 %,0.0 %,0.0 %,0.0 %,12.5 %,16.0
532,Madhya Pradesh,Tikamgarh,90.0 %,10.0 %,0.0 %,0.0 %,0.0 %,0.0 %,20.0
533,Madhya Pradesh,Ujjain,88.0 %,0.0 %,0.0 %,0.0 %,0.0 %,12.0 %,25.0
534,Madhya Pradesh,Umaria,57.14 %,14.29 %,0.0 %,0.0 %,0.0 %,28.57 %,14.0
535,Madhya Pradesh,Vidisha,80.0 %,13.33 %,0.0 %,0.0 %,0.0 %,6.67 %,15.0
536,Madhya Pradesh,West Nimar,69.57 %,4.35 %,0.0 %,0.0 %,4.35 %,21.74 %,23.0
537,Maharashtra,Ahilyanagar,0.0 %,47.13 %,1.15 %,50.57 %,0.0 %,1.15 %,87.0
538,Maharashtra,Ahmadnagar,94.68 %,0.0 %,0.0 %,0.0 %,0.0 %,5.32 %,94.0
539,Maharashtra,Ahmed Nagar,22.67 %,34.67 %,0.0 %,2.67 %,0.0 %,40.0 %,75.0
540,Maharashtra,Ahmednagar,0.0 %,0.0 %,0.0 %,0.0 %,100.0 %,0.0 %,2.0
541,Maharashtra,Akola,76.47 %,2.94 %,0.0 %,0.0 %,0.0 %,20.59 %,34.0
542,Maharashtra,Amravati,90.7 %,2.33 %,0.0 %,0.0 %,0.0 %,6.98 %,43.0
543,Maharashtra,Aurangabad,76.47 %,9.8 %,0.0 %,0.0 %,0.0 %,13.73 %,51.0
544,Maharashtra,Beed,96.43 %,3.57 %,0.0 %,0.0 %,0.0 %,0.0 %,28.0
545,Maharashtra,Bhandara,72.73 %,0.0 %,0.0 %,0.0 %,0.0 %,27.27 %,22.0
546,Maharashtra,Bid,48.15 %,22.22 %,0.0 %,3.7 %,0.0 %,25.93 %,27.0
547,Maharashtra,Buldana,68.75 %,12.5 %,0.0 %,0.0 %,0.0 %,18.75 %,32.0
548,Maharashtra,Buldhana,96.88 %,0.0 %,0.0 %,0.0 %,0.0 %,3.12 %,32.0
549,Maharashtra,Chandrapur,88.57 %,0.0 %,0.0 %,0.0 %,0.0 %,11.43 %,35.0
550,Maharashtra,Chatrapati Sambhaji Nagar,25.0 %,50.0 %,0.0 %,0.0 %,0.0 %,25.0 %,4.0
551,Maharashtra,Chhatrapati Sambhajinagar,62.22 %,8.89 %,8.89 %,6.67 %,0.0 %,13.33 %,45.0
552,Maharashtra,Dharashiv,46.15 %,3.85 %,7.69 %,23.08 %,0.0 %,19.23 %,26.0
553,Maharashtra,Dhule,84.38 %,9.38 %,0.0 %,0.0 %,0.0 %,6.25 %,32.0
554,Maharashtra,Dist : Thane,0.0 %,100.0 %,0.0 %,0.0 %,0.0 %,0.0 %,1.0
555,Maharashtra,Gadchiroli,93.75 %,6.25 %,0.0 %,0.0 %,0.0 %,0.0 %,16.0
556,Maharashtra,Gondia,20.0 %,30.0 %,0.0 %,0.0 %,0.0 %,50.0 %,10.0
557,Maharashtra,Gondiya,78.57 %,0.0 %,0.0 %,0.0 %,0.0 %,21.43 %,14.0
558,Maharashtra,Gondiya *,33.33 %,33.33 %,0.0 %,8.33 %,0.0 %,25.0 %,12.0
559,Maharashtra,Hingoli,73.33 %,6.67 %,0.0 %,0.0 %,6.67 %,13.33 %,15.0
560,Maharashtra,Hingoli *,0.0 %,100.0 %,0.0 %,0.0 %,0.0 %,0.0 %,5.0
561,Maharashtra,Jalgaon,90.91 %,3.03 %,0.0 %,0.0 %,1.52 %,4.55 %,66.0
562,Maharashtra,Jalna,73.33 %,10.0 %,0.0 %,0.0 %,0.0 %,16.67 %,30.0
563,Maharashtra,Kolhapur,89.87 %,0.0 %,0.0 %,0.0 %,0.0 %,10.13 %,79.0
564,Maharashtra,Latur,88.89 %,0.0 %,0.0 %,0.0 %,0.0 %,11.11 %,27.0
565,Maharashtra,Mumbai,59.72 %,21.53 %,0.0 %,1.39 %,2.78 %,14.58 %,144.0
566,Maharashtra,Mumbai City,86.84 %,7.89 %,0.0 %,0.0 %,0.0 %,5.26 %,38.0
